0 20
1 20
2 20
3 20
4 20
5 20
6 20
7 20
8 20
9 20
10 20
11 20
12 20
13 20
14 20
15 20
16 20
17 20
18 20
19 20
20 20
21 20
22 20
23 20
24 20
25 20
26 20
26 19
27 19
28 19
29 19
29 18
29 17
29 16
30 16
31 16
31 15
31 14
32 14
32 13
32 12
33 12
34 12
35 12
36 12
36 11
36 10
37 10
38 10
39 10
39 9
39 8
39 7
39 6
39 5
40 5
40 4
40 3
40 2
40 1
41 1
41 0
42 0
43 0
44 0
45 0
46 0
47 0
48 0
49 0
50 0
51 0
52 0
53 0
54 0
55 0
55 1
56 1
57 1
58 1
58 2
58 3
58 4
58 5
58 6
59 6
59 7
60 7
61 7
62 7
63 7
64 7
65 7
66 7
67 7
68 7
68 8
68 9
69 9
69 10
70 10
70 11
71 11
72 11
73 11
74 11
75 11
76 11
76 12
76 13
77 13
77 14
77 15
77 16
77 17
78 17
78 18
79 18
80 18
81 18
81 19
81 20
82 20
83 20
84 20
85 20
86 20
86 19
87 19
87 18
88 18
88 17
88 16
88 15
88 14
88 13
89 13
90 13
91 13
92 13
92 12
92 11
92 10
93 10
93 9
93 8
93 7
94 7
95 7
96 7
97 7
98 7
99 7
100 7
101 7
102 7
103 7
104 7
105 7
106 7
107 7
108 7
109 7
110 7
111 7
112 7
113 7
114 7
115 7
116 7
117 7
117 6
118 6
119 6
120 6
121 6
122 6
123 6
124 6
125 6
126 6
127 6
128 6
129 6
130 6
131 6
132 6
132 5
133 5
133 4
133 3
134 3
135 3
136 3
137 3
137 2
137 1
138 1
139 1
140 1
141 1
142 1
143 1
144 1
145 1
146 1
147 1
148 1
149 1
150 1
151 1
151 2
152 2
152 3
152 4
152 5
152 6
153 6
153 7
154 7
154 8
154 9
155 9
155 10
155 11
156 11
157 11
157 12
158 12
158 13
158 14
159 14
159 15
160 15
160 16
161 16
161 17
161 18
161 19
161 20
161 21
161 22
161 23
161 24
161 25
160 25
159 25
159 26
159 27
158 27
158 28
157 28
157 29
156 29
156 30
156 31
155 31
154 31
154 32
153 32
153 33
152 33
152 34
151 34
151 35
150 35
149 35
148 35
147 35
146 35
145 35
144 35
144 34
143 34
142 34
142 33
141 33
140 33
139 33
138 33
137 33
137 32
136 32
135 32
134 32
134 31
133 31
133 30
133 29
133 28
133 27
133 26
133 25
133 24
133 23
134 23
134 22
134 21
134 20
134 19
134 18
134 17
134 16
134 15
134 14
134 13
134 12
135 12
135 11
136 11
137 11
138 11
139 11
140 11
141 11
142 11
142 10
143 10
144 10
144 9
145 9
146 9
146 8
147 8
148 8
149 8
150 8
151 8
152 8
152 9
153 9
153 10
154 10
154 11
154 12
154 13
155 13
155 14
156 14
156 15
156 16
157 16
158 16
158 17
158 18
158 19
158 20
158 21
158 22
158 23
157 23
157 24
157 25
156 25
155 25
154 25
154 26
153 26
153 27
152 27
152 28
152 29
152 30
151 30
151 31
150 31
150 32
149 32
148 32
147 32
146 32
145 32
144 32
144 31
143 31
142 31
142 30
141 30
140 30
139 30
138 30
137 30
136 30
136 29
136 28
136 27
136 26
136 25
136 24
136 23
136 22
136 21
136 20
136 19
136 18
136 17
136 16
136 15
137 15
137 14
137 13
138 13
139 13
140 13
141 13
142 13
143 13
144 13
144 12
145 12
145 11
146 11
147 11
148 11
149 11
150 11
151 11
151 12
151 13
152 13
152 14
152 15
153 15
153 16
154 16
154 17
155 17
155 18
155 19
155 20
155 21
155 22
154 22
154 23
153 23
152 23
152 24
151 24
151 25
150 25
150 26
150 27
150 28
150 29
149 29
148 29
147 29
146 29
145 29
145 28
144 28
143 28
142 28
141 28
140 28
139 28
139 27
138 27
138 26
138 25
138 24
138 23
139 23
139 22
139 21
139 20
139 19
139 18
139 17
139 16
139 15
140 15
141 15
142 15
143 15
144 15
144 14
145 14
146 14
147 14
148 14
149 14
149 15
149 16
149 17
150 17
150 18
151 18
152 18
152 19
152 20
152 21
151 21
151 22
150 22
149 22
149 23
149 24
149 25
148 25
147 25
147 26
146 26
145 26
145 25
144 25
143 25
142 25
141 25
141 24
141 23
141 22
142 22
143 22
144 22
144 21
145 21
145 20
